2.000000 -0.000000 0.000000 0.000000 -0.000000 -0.000000 -0.000000 0.000000 0.000000 0.000000 0.000000 0.000000 0.000100 0.000000 0.000000 -0.000000 0.000000 0.000000 -0.000100 0.000000 0.000100 
-0.000000 1.999900 0.000000 0.000000 -0.000000 -0.000000 0.000000 -0.000000 0.000000 0.000000 -0.000000 0.000000 0.010500 -0.000400 0.000000 -0.000000 0.000000 0.000000 -0.000900 0.001100 -0.006800 
0.000000 0.000000 0.397400 -0.000000 0.000000 0.000000 -0.000000 0.000000 0.000000 0.000000 0.000000 0.054200 -0.086300 -0.000000 0.000000 0.000000 0.000000 -0.000000 0.004700 0.791500 -0.000000 
0.000000 0.000000 -0.000000 0.000000 -0.000000 -0.000000 -0.000000 -0.000000 -0.000000 -0.000000 -0.000000 -0.003200 -0.000000 0.000000 0.000000 -0.000000 -0.000000 -0.000000 -0.000000 0.000200 0.000000 
-0.000000 -0.000000 0.000000 -0.000000 0.000000 -0.000000 -0.000000 -0.000000 -0.000000 -0.000000 -0.000000 0.001400 0.000000 -0.000000 0.000000 -0.000000 -0.000000 -0.000000 0.000000 -0.000100 -0.000000 
-0.000000 -0.000000 0.000000 -0.000000 -0.000000 2.000000 0.002100 0.000600 -0.000000 0.000000 -0.000000 0.000000 -0.000000 0.000000 0.000000 0.008800 -0.000000 -0.000000 0.000000 -0.000000 0.000000 
-0.000000 0.000000 -0.000000 -0.000000 -0.000000 0.002100 0.000000 0.000000 0.000000 0.000000 -0.000000 0.000000 0.000000 0.000000 0.000000 0.000000 0.000000 0.000000 -0.000000 -0.000000 0.000000 
0.000000 -0.000000 0.000000 -0.000000 -0.000000 0.000600 0.000000 0.000000 -0.000000 -0.000000 -0.000000 -0.000000 -0.000000 0.000000 0.000000 0.000000 -0.000000 0.000000 0.000000 0.000000 0.000000 
0.000000 0.000000 0.000000 -0.000000 -0.000000 -0.000000 0.000000 -0.000000 2.000000 0.002100 0.000600 0.000000 -0.000000 0.000000 0.000000 -0.000000 0.008800 0.000000 0.000000 -0.000000 0.000000 
0.000000 0.000000 0.000000 -0.000000 -0.000000 0.000000 0.000000 -0.000000 0.002100 0.000000 0.000000 0.000000 -0.000000 0.000000 0.000000 0.000000 0.000000 -0.000000 0.000000 0.000000 0.000000 
0.000000 -0.000000 0.000000 -0.000000 -0.000000 -0.000000 -0.000000 -0.000000 0.000600 0.000000 0.000000 -0.000000 -0.000000 0.000000 0.000000 -0.000000 0.000000 -0.000000 0.000000 0.000000 0.000000 
0.000000 0.000000 0.054200 -0.003200 0.001400 0.000000 0.000000 -0.000000 0.000000 0.000000 -0.000000 1.998100 -0.004200 -0.001300 0.000000 -0.000000 0.000000 -0.000000 0.008100 -0.027600 -0.001500 
0.000100 0.010500 -0.086300 -0.000000 0.000000 -0.000000 0.000000 -0.000000 -0.000000 -0.000000 -0.000000 -0.004200 0.018800 -0.000000 0.000000 -0.000000 -0.000000 0.000000 -0.001000 -0.172400 -0.000000 
0.000000 -0.000400 -0.000000 0.000000 -0.000000 0.000000 0.000000 0.000000 0.000000 0.000000 0.000000 -0.001300 -0.000000 0.000000 0.000000 0.000000 0.000000 -0.000000 -0.000000 0.000000 0.000000 
0.000000 0.000000 0.000000 0.000000 0.000000 0.000000 0.000000 0.000000 0.000000 0.000000 0.000000 0.000000 0.000000 0.000000 0.000000 0.000000 0.000000 0.000000 0.000000 0.000000 0.000000 
-0.000000 -0.000000 0.000000 -0.000000 -0.000000 0.008800 0.000000 0.000000 -0.000000 0.000000 -0.000000 -0.000000 -0.000000 0.000000 0.000000 0.000000 0.000000 0.000000 0.000000 -0.000000 0.000000 
0.000000 0.000000 0.000000 -0.000000 -0.000000 -0.000000 0.000000 -0.000000 0.008800 0.000000 0.000000 0.000000 -0.000000 0.000000 0.000000 0.000000 0.000000 0.000000 0.000000 -0.000000 0.000000 
0.000000 0.000000 -0.000000 -0.000000 -0.000000 -0.000000 0.000000 0.000000 0.000000 -0.000000 -0.000000 -0.000000 0.000000 -0.000000 0.000000 0.000000 0.000000 -0.000000 -0.000000 -0.000000 -0.000000 
-0.000100 -0.000900 0.004700 -0.000000 0.000000 0.000000 -0.000000 0.000000 0.000000 0.000000 0.000000 0.008100 -0.001000 -0.000000 0.000000 0.000000 0.000000 -0.000000 0.000100 0.008800 -0.000000 
0.000000 0.001100 0.791500 0.000200 -0.000100 -0.000000 -0.000000 0.000000 -0.000000 0.000000 0.000000 -0.027600 -0.172400 0.000000 0.000000 -0.000000 -0.000000 -0.000000 0.008800 1.585700 0.000000 
0.000100 -0.006800 -0.000000 0.000000 -0.000000 0.000000 0.000000 0.000000 0.000000 0.000000 0.000000 -0.001500 -0.000000 0.000000 0.000000 0.000000 0.000000 -0.000000 -0.000000 0.000000 0.000000 
