-------------------------0.0000 -0.0000 -0.0388 0.9992 -0.0014 -0.0000 -0.0000 -0.0000 -0.0000 -0.0000 -0.0000 0.0000 0.0000 0.0000 0.0000 0.0000 -0.0000 0.0000 0.0000 0.0000 -0.0000 
0.0000 0.0000 -0.5163 -0.0189 0.8562 -0.0014 0.0000 -0.0009 -0.0000 -0.0000 -0.0000 0.0000 0.0000 0.0000 0.0000 0.0000 -0.0000 0.0029 0.0042 0.0000 -0.0000 
0.0000 0.0000 0.0292 0.0012 0.0173 -0.9765 -0.0085 0.0430 0.0000 0.0000 0.0000 0.0000 0.0000 0.0000 0.0000 -0.0000 0.0000 -0.1177 -0.1720 -0.0000 0.0000 
-0.0000 -0.0000 -0.0014 -0.0001 -0.0008 -0.0003 -0.3905 -0.1536 -0.0084 -0.0084 -0.0390 0.0000 0.0000 0.0000 0.0000 0.2609 -0.0321 -0.6804 0.4476 0.0000 -0.0000 
0.0000 0.0000 0.0006 0.0000 0.0004 0.0001 0.1708 0.0672 -0.0192 -0.0192 -0.0891 0.0000 0.0000 0.0000 0.0000 0.5963 -0.0734 0.2977 -0.1958 -0.0000 0.0000 
1.0000 0.0508 -0.0000 -0.0000 -0.0000 0.0000 -0.0000 0.0000 0.0000 0.0000 0.0000 0.0000 0.0000 0.0000 0.0000 -0.0000 0.0000 0.0000 -0.0000 0.0045 -0.0012 
0.0010 0.0001 -0.0000 -0.0000 -0.0000 0.0000 0.0000 -0.0000 -0.1494 -0.1494 0.5626 0.0000 0.0000 0.0000 0.0000 -0.7386 0.8995 -0.0000 0.0000 -0.2316 0.0603 
0.0003 0.0000 -0.0000 -0.0000 -0.0000 0.0000 0.0000 -0.0000 0.1967 0.1967 -0.4967 0.0000 0.0000 0.0000 0.0000 0.0119 0.2626 -0.0000 0.0000 -0.0662 0.0172 
0.0000 -0.9987 -0.0000 -0.0000 -0.0000 0.0000 -0.0000 0.0000 0.0000 0.0000 0.0000 0.0000 0.0000 0.0000 0.0000 0.0000 0.0000 0.0000 -0.0000 0.0000 0.0044 
0.0000 -0.0010 0.0000 0.0000 0.0000 0.0000 0.0000 0.0000 -0.7578 -0.7578 -0.6275 0.0000 0.0000 0.0000 0.0000 -0.0000 0.0765 0.0000 0.0000 -0.0000 -0.2236 
0.0000 -0.0003 0.0000 0.0000 0.0000 0.0000 0.0000 0.0000 -0.3240 -0.3240 0.0448 0.0000 0.0000 0.0000 0.0000 0.0000 0.2334 0.0000 0.0000 -0.0000 -0.0639 
0.0000 0.0000 0.8550 0.0339 0.5163 0.0340 0.0028 0.0000 -0.0000 -0.0000 0.0000 0.0000 0.0000 0.0000 0.0000 -0.0000 0.0000 -0.0008 0.0048 0.0000 -0.0000 
-0.0000 -0.0000 -0.0058 -0.0002 0.0027 0.2127 -0.0857 0.1920 0.0000 0.0000 0.0000 0.0000 0.0000 0.0000 0.0000 -0.0000 0.0000 -0.5204 -0.7998 -0.0000 0.0000 
-0.0000 -0.0000 -0.0005 -0.0000 -0.0005 -0.0001 -0.1590 0.9597 0.0000 0.0000 0.0000 0.0000 0.0000 0.0000 0.0000 -0.0000 0.0000 0.0261 0.2304 -0.0000 0.0000 
0.0000 0.0000 0.0000 0.0000 0.0000 0.0000 0.0000 0.0000 0.0000 0.0000 0.0000 0.0000 1.0000 0.0000 0.0000 0.0000 0.0000 0.0000 0.0000 0.0000 0.0000 
0.0044 0.0002 -0.0000 -0.0000 -0.0000 0.0000 0.0000 -0.0000 0.0222 0.0222 -0.1004 0.0000 0.0000 0.0000 0.0000 0.1754 -0.2325 -0.0000 0.0000 -0.9705 0.2529 
0.0000 -0.0044 0.0000 0.0000 0.0000 0.0000 0.0000 0.0000 0.2029 0.2029 0.1467 0.0000 0.0000 0.0000 0.0000 -0.0000 -0.0342 0.0000 0.0000 -0.0000 -0.9370 
0.0000 0.0000 0.0000 0.0000 0.0000 0.0000 0.0000 0.0000 0.0000 0.0000 0.0000 0.0000 0.0000 1.0000 0.0000 0.0000 0.0000 0.0000 0.0000 0.0000 0.0000 
0.0000 0.0000 0.0038 0.0001 0.0017 -0.0109 -0.8863 -0.1105 -0.0000 -0.0000 -0.0000 0.0000 0.0000 0.0000 0.0000 0.0000 -0.0000 0.4039 -0.1973 -0.0000 0.0000 
0.0000 0.0000 0.0000 0.0000 0.0000 0.0000 0.0000 0.0000 0.0000 0.0000 0.0000 1.0000 0.0000 0.0000 0.0000 0.0000 0.0000 0.0000 0.0000 0.0000 0.0000 
0.0000 0.0000 0.0000 0.0000 0.0000 0.0000 0.0000 0.0000 0.0000 0.0000 0.0000 0.0000 0.0000 0.0000 1.0000 0.0000 0.0000 0.0000 0.0000 0.0000 0.0000 

-------------------------