--------------DMNAO----------------
0.000000 0.000000 0.000005 0.000000 -0.000000 0.000000 0.000000 0.000000 -0.000000 -0.000000 -0.000000 -0.000000 -0.000001 0.000000 0.000000 0.000000 -0.000000 0.000000 0.000000 -0.000002 0.000100 
0.000000 0.000000 0.000019 -0.000000 0.000000 0.000000 0.000000 -0.000000 0.000000 0.000000 0.000000 -0.000001 -0.000004 0.000000 0.000000 -0.000000 0.000000 0.000000 0.000000 -0.000010 -0.006800 
0.000005 0.000019 0.000007 0.000008 0.000002 -0.000000 0.000000 0.000000 -0.000000 -0.000000 -0.000000 0.000004 0.000000 0.000035 0.000000 0.000000 -0.000000 0.000000 0.000021 -0.000004 -0.000008 
0.000000 -0.000000 0.000008 -0.000005 0.000002 -0.000000 -0.000000 -0.000000 -0.000000 -0.000000 -0.000000 -0.000000 0.000011 -0.000002 0.000000 -0.000000 -0.000000 0.000000 0.000012 -0.000003 -0.000000 
-0.000000 0.000000 0.000002 0.000002 -0.000001 0.000000 0.000000 0.000000 -0.000000 -0.000000 -0.000000 -0.000000 -0.000006 0.000001 0.000000 0.000000 -0.000000 0.000000 -0.000005 -0.000001 0.000000 
0.000000 0.000000 -0.000000 -0.000000 0.000000 -0.000000 0.000000 0.000000 -0.000000 -0.000000 -0.000000 -0.000000 0.000000 -0.000000 0.000000 0.000000 -0.000000 -0.000000 0.000000 0.000000 0.000000 
0.000000 0.000000 0.000000 -0.000000 0.000000 0.000000 -0.000002 -0.000001 0.000000 0.000000 0.000000 -0.000000 0.000000 -0.000000 0.000000 -0.000009 0.000000 0.000000 0.000000 0.000000 0.000000 
0.000000 -0.000000 0.000000 -0.000000 0.000000 0.000000 -0.000001 -0.000000 -0.000000 -0.000000 -0.000000 -0.000000 0.000000 -0.000000 0.000000 -0.000003 -0.000000 0.000000 0.000000 0.000000 0.000000 
-0.000000 0.000000 -0.000000 -0.000000 -0.000000 -0.000000 0.000000 -0.000000 -0.000000 0.000000 0.000000 0.000000 -0.000000 -0.000000 0.000000 -0.000000 0.000000 0.000000 -0.000000 -0.000000 -0.000000 
-0.000000 0.000000 -0.000000 -0.000000 -0.000000 -0.000000 0.000000 -0.000000 0.000000 -0.000002 -0.000001 0.000000 -0.000000 -0.000000 0.000000 -0.000000 -0.000009 0.000000 -0.000000 -0.000000 -0.000000 
-0.000000 0.000000 -0.000000 -0.000000 -0.000000 -0.000000 0.000000 -0.000000 0.000000 -0.000001 -0.000000 0.000000 -0.000000 -0.000000 0.000000 -0.000000 -0.000003 0.000000 -0.000000 -0.000000 -0.000000 
-0.000000 -0.000001 0.000004 -0.000000 -0.000000 -0.000000 -0.000000 -0.000000 0.000000 0.000000 0.000000 -0.000000 -0.000001 -0.000001 0.000000 -0.000000 0.000000 0.000000 -0.000001 -0.000002 -0.001500 
-0.000001 -0.000004 0.000000 0.000011 -0.000006 0.000000 0.000000 0.000000 -0.000000 -0.000000 -0.000000 -0.000001 -0.000025 -0.000001 0.000000 0.000000 -0.000000 0.000000 -0.000007 -0.000003 0.000002 
0.000000 0.000000 0.000035 -0.000002 0.000001 -0.000000 -0.000000 -0.000000 -0.000000 -0.000000 -0.000000 -0.000001 -0.000001 -0.000001 0.000000 -0.000000 -0.000000 0.000000 0.000005 -0.000018 -0.000000 
0.000000 0.000000 0.000000 0.000000 0.000000 0.000000 0.000000 0.000000 0.000000 0.000000 0.000000 0.000000 0.000000 0.000000 0.000000 0.000000 0.000000 0.000000 0.000000 0.000000 0.000000 
0.000000 -0.000000 0.000000 -0.000000 0.000000 0.000000 -0.000009 -0.000003 -0.000000 -0.000000 -0.000000 -0.000000 0.000000 -0.000000 0.000000 -0.000039 -0.000000 0.000000 0.000000 0.000000 0.000000 
-0.000000 0.000000 -0.000000 -0.000000 -0.000000 -0.000000 0.000000 -0.000000 0.000000 -0.000009 -0.000003 0.000000 -0.000000 -0.000000 0.000000 -0.000000 -0.000039 0.000000 -0.000000 -0.000000 -0.000000 
0.000000 0.000000 0.000000 0.000000 0.000000 -0.000000 0.000000 0.000000 0.000000 0.000000 0.000000 0.000000 0.000000 0.000000 0.000000 0.000000 0.000000 -0.000000 0.000000 0.000000 0.000000 
0.000000 0.000000 0.000021 0.000012 -0.000005 0.000000 0.000000 0.000000 -0.000000 -0.000000 -0.000000 -0.000001 -0.000007 0.000005 0.000000 0.000000 -0.000000 0.000000 0.000017 -0.000011 -0.000000 
-0.000002 -0.000010 -0.000004 -0.000003 -0.000001 0.000000 0.000000 0.000000 -0.000000 -0.000000 -0.000000 -0.000002 -0.000003 -0.000018 0.000000 0.000000 -0.000000 0.000000 -0.000011 0.000001 -0.000017 
0.000100 -0.006800 -0.000008 -0.000000 0.000000 0.000000 0.000000 0.000000 -0.000000 -0.000000 -0.000000 -0.001500 0.000002 -0.000000 0.000000 0.000000 -0.000000 0.000000 -0.000000 -0.000017 -0.000000 
---------------NBOOcc--------------
2.000041 2.000041 2.000025 2.000000 1.999931 2.000052 0.000000 0.000000 0.000000 0.000000 0.000000 0.000000 0.000000 0.000000 0.000000 0.000000 0.000000 0.000000 0.000000 0.000000 0.000000 
---------------NBOVec---------------
-0.000000 -0.000000 0.038819 -0.999245 0.001373 -0.000001 0.000000 0.000000 0.000000 0.000000 0.000000 0.000000 0.000000 0.000000 0.000000 0.000000 0.000000 0.000000 0.000000 0.000000 0.000000 
0.000000 0.000000 0.516254 0.018880 -0.856211 -0.000623 0.000000 0.000000 0.000000 0.000000 0.000000 0.000000 0.000000 0.000000 0.000000 0.000000 0.000000 0.000000 0.000000 0.000000 0.000000 
0.000000 -0.000000 -0.029241 -0.001157 -0.017323 -0.444449 0.000000 0.000000 0.000000 0.000000 0.000000 0.000000 0.000000 0.000000 0.000000 0.000000 0.000000 0.000000 0.000000 0.000000 0.000000 
-0.000000 -0.000000 0.001368 0.000054 0.000826 -0.000114 0.000000 0.000000 0.000000 0.000000 0.000000 0.000000 0.000000 0.000000 0.000000 0.000000 0.000000 0.000000 0.000000 0.000000 0.000000 
0.000000 -0.000000 -0.000599 -0.000024 -0.000361 0.000055 0.000000 0.000000 0.000000 0.000000 0.000000 0.000000 0.000000 0.000000 0.000000 0.000000 0.000000 0.000000 0.000000 0.000000 0.000000 
0.999990 0.000000 0.000000 0.000000 0.000000 0.000000 0.000000 0.000000 0.000000 0.000000 0.000000 0.000000 0.000000 0.000000 0.000000 0.000000 0.000000 0.000000 0.000000 0.000000 0.000000 
0.001050 0.000000 0.000000 0.000000 0.000000 0.000000 0.000000 0.000000 0.000000 0.000000 0.000000 0.000000 0.000000 0.000000 0.000000 0.000000 0.000000 0.000000 0.000000 0.000000 0.000000 
0.000300 0.000000 0.000000 0.000000 0.000000 0.000000 0.000000 0.000000 0.000000 0.000000 0.000000 0.000000 0.000000 0.000000 0.000000 0.000000 0.000000 0.000000 0.000000 0.000000 0.000000 
0.000000 -0.999990 -0.000000 -0.000000 0.000000 -0.000000 0.000000 0.000000 0.000000 0.000000 0.000000 0.000000 0.000000 0.000000 0.000000 0.000000 0.000000 0.000000 0.000000 0.000000 0.000000 
0.000000 -0.001050 -0.000000 -0.000000 0.000000 -0.000000 0.000000 0.000000 0.000000 0.000000 0.000000 0.000000 0.000000 0.000000 0.000000 0.000000 0.000000 0.000000 0.000000 0.000000 0.000000 
0.000000 -0.000300 -0.000000 -0.000000 0.000000 -0.000000 0.000000 0.000000 0.000000 0.000000 0.000000 0.000000 0.000000 0.000000 0.000000 0.000000 0.000000 0.000000 0.000000 0.000000 0.000000 
0.000000 0.000000 -0.855026 -0.033926 -0.516324 0.015497 0.000000 0.000000 0.000000 0.000000 0.000000 0.000000 0.000000 0.000000 0.000000 0.000000 0.000000 0.000000 0.000000 0.000000 0.000000 
-0.000000 -0.000000 0.005826 0.000172 -0.002688 0.096805 0.000000 0.000000 0.000000 0.000000 0.000000 0.000000 0.000000 0.000000 0.000000 0.000000 0.000000 0.000000 0.000000 0.000000 0.000000 
-0.000000 -0.000000 0.000453 0.000018 0.000507 -0.000010 0.000000 0.000000 0.000000 0.000000 0.000000 0.000000 0.000000 0.000000 0.000000 0.000000 0.000000 0.000000 0.000000 0.000000 0.000000 
0.000000 0.000000 0.000000 0.000000 0.000000 0.000000 0.000000 0.000000 0.000000 0.000000 0.000000 0.000000 0.000000 0.000000 0.000000 0.000000 0.000000 0.000000 0.000000 0.000000 0.000000 
0.004400 0.000000 0.000000 0.000000 0.000000 0.000000 0.000000 0.000000 0.000000 0.000000 0.000000 0.000000 0.000000 0.000000 0.000000 0.000000 0.000000 0.000000 0.000000 0.000000 0.000000 
0.000000 -0.004400 -0.000000 -0.000000 0.000000 -0.000000 0.000000 0.000000 0.000000 0.000000 0.000000 0.000000 0.000000 0.000000 0.000000 0.000000 0.000000 0.000000 0.000000 0.000000 0.000000 
0.000000 0.000000 0.000000 0.000000 0.000000 0.000000 0.000000 0.000000 0.000000 0.000000 0.000000 0.000000 0.000000 0.000000 0.000000 0.000000 0.000000 0.000000 0.000000 0.000000 0.000000 
0.000000 -0.000000 -0.003769 -0.000099 -0.001745 -0.004948 0.000000 0.000000 0.000000 0.000000 0.000000 0.000000 0.000000 0.000000 0.000000 0.000000 0.000000 0.000000 0.000000 0.000000 0.000000 
0.000000 0.000000 0.000000 0.000000 0.000000 -0.890409 0.000000 0.000000 0.000000 0.000000 0.000000 0.000000 0.000000 0.000000 0.000000 0.000000 0.000000 0.000000 0.000000 0.000000 0.000000 
0.000000 0.000000 0.000000 0.000000 0.000000 -0.000010 0.000000 0.000000 0.000000 0.000000 0.000000 0.000000 0.000000 0.000000 0.000000 0.000000 0.000000 0.000000 0.000000 0.000000 0.000000 
---------------NBOCtr---------------
0 0 0 0 0 0 -1 -1 -1 -1 -1 -1 -1 -1 -1 -1 -1 -1 -1 -1 -1 
-1 -1 -1 -1 -1 1 -1 -1 -1 -1 -1 -1 -1 -1 -1 -1 -1 -1 -1 -1 -1 
---------------Other---------------
NBOAmnt=6
DResid=-0.000090
