------------------------1.0000 0.0000 0.0000 -0.0000 0.0000 0.0000 -0.0000 -0.0000 0.0000 0.0000 -0.0000 0.0000 -0.0000 -0.0000 0.0000 0.0000 -0.0000 0.0000 0.0000 0.0000 0.0000 
0.0000 1.0000 -0.0000 0.0000 0.0000 -0.0000 -0.0000 -0.0000 -0.0000 0.0000 -0.0000 -0.0000 0.0000 -0.0000 0.0000 0.0000 -0.0000 0.0000 -0.0000 0.0000 0.0000 
0.0000 -0.0000 1.0000 -0.0000 -0.0000 -0.0000 0.0000 0.0000 -0.0000 -0.0000 0.0000 0.0000 -0.0000 0.0000 0.0000 -0.0000 0.0000 0.0000 0.0000 0.0000 0.0000 
-0.0000 0.0000 -0.0000 0.9101 -0.2055 -0.0000 -0.2410 0.0107 0.0000 0.0347 -0.0038 -0.0000 -0.0000 -0.0000 0.0000 0.0568 -0.0080 0.0000 0.0000 0.0000 0.0000 
0.0000 0.0000 -0.0000 -0.2055 0.5303 -0.0000 -0.5508 0.0245 0.0000 0.0794 -0.0087 -0.0000 -0.0000 -0.0000 0.0000 0.1298 -0.0184 0.0000 0.0000 0.0000 0.0000 
0.0000 -0.0000 -0.0000 -0.0000 -0.0000 1.0026 -0.0001 -0.0000 -0.0508 0.0002 0.0001 -0.0000 0.0000 0.0000 0.0000 -0.0003 0.0009 0.0000 -0.0000 0.0000 0.0000 
-0.0000 -0.0000 0.0000 -0.2410 -0.5508 -0.0001 1.7729 -0.0944 0.0002 -0.0713 0.3281 0.0000 0.0000 0.0000 0.0000 -0.1618 -0.0654 0.0000 -0.0000 0.0000 0.0000 
-0.0000 -0.0000 0.0000 0.0107 0.0245 -0.0000 -0.0944 0.3979 0.0001 0.0297 -0.0896 -0.0000 0.0000 0.0000 0.0000 0.0682 -0.0181 0.0000 -0.0000 0.0000 0.0000 
0.0000 -0.0000 -0.0000 0.0000 0.0000 -0.0508 0.0002 0.0001 0.9974 0.0001 0.0000 -0.0000 0.0000 0.0000 0.0000 0.0009 0.0003 0.0000 -0.0000 0.0000 0.0000 
0.0000 0.0000 -0.0000 0.0347 0.0794 0.0002 -0.0713 0.0297 0.0001 1.5982 0.4951 -0.0000 -0.0000 -0.0000 0.0000 -0.0450 -0.1927 0.0000 0.0000 0.0000 0.0000 
-0.0000 -0.0000 0.0000 -0.0038 -0.0087 0.0001 0.3281 -0.0896 0.0000 0.4951 0.2706 0.0000 0.0000 0.0000 0.0000 -0.0893 -0.0731 0.0000 -0.0000 0.0000 0.0000 
0.0000 -0.0000 0.0000 -0.0000 -0.0000 -0.0000 0.0000 -0.0000 -0.0000 -0.0000 0.0000 1.0000 -0.0000 0.0000 0.0000 -0.0000 -0.0000 0.0000 -0.0000 0.0000 0.0000 
-0.0000 0.0000 -0.0000 -0.0000 -0.0000 0.0000 0.0000 0.0000 0.0000 -0.0000 0.0000 -0.0000 1.0000 0.0000 0.0000 -0.0000 0.0000 0.0000 0.0000 0.0000 0.0000 
-0.0000 -0.0000 0.0000 -0.0000 -0.0000 0.0000 0.0000 0.0000 0.0000 -0.0000 0.0000 0.0000 0.0000 1.0000 0.0000 -0.0000 0.0000 0.0000 -0.0000 0.0000 0.0000 
0.0000 0.0000 0.0000 0.0000 0.0000 0.0000 0.0000 0.0000 0.0000 0.0000 0.0000 0.0000 0.0000 0.0000 1.0000 0.0000 0.0000 0.0000 0.0000 0.0000 0.0000 
0.0000 0.0000 -0.0000 0.0568 0.1298 -0.0003 -0.1618 0.0682 0.0009 -0.0450 -0.0893 -0.0000 -0.0000 -0.0000 0.0000 1.1018 -0.2347 0.0000 0.0000 0.0000 0.0000 
-0.0000 -0.0000 0.0000 -0.0080 -0.0184 0.0009 -0.0654 -0.0181 0.0003 -0.1927 -0.0731 -0.0000 0.0000 0.0000 0.0000 -0.2347 0.9831 0.0000 -0.0000 0.0000 0.0000 
0.0000 0.0000 0.0000 0.0000 0.0000 0.0000 0.0000 0.0000 0.0000 0.0000 0.0000 0.0000 0.0000 0.0000 0.0000 0.0000 0.0000 1.0000 0.0000 0.0000 0.0000 
0.0000 -0.0000 0.0000 0.0000 0.0000 -0.0000 -0.0000 -0.0000 -0.0000 0.0000 -0.0000 -0.0000 0.0000 -0.0000 0.0000 0.0000 -0.0000 0.0000 1.0000 0.0000 0.0000 
0.0000 0.0000 0.0000 0.0000 0.0000 0.0000 0.0000 0.0000 0.0000 0.0000 0.0000 0.0000 0.0000 0.0000 0.0000 0.0000 0.0000 0.0000 0.0000 1.0000 0.0000 
0.0000 0.0000 0.0000 0.0000 0.0000 0.0000 0.0000 0.0000 0.0000 0.0000 0.0000 0.0000 0.0000 0.0000 0.0000 0.0000 0.0000 0.0000 0.0000 0.0000 1.0000 

-------------------------